[gd_scene format=3 uid="uid://2k6ns7l550xi"]

[ext_resource type="PackedScene" uid="uid://bd0jskcl643ek" path="res://textures/spidertank_0.0.2.glb" id="1_gcc7x"]

[node name="spidertank_0_0_2" unique_id=420794276 instance=ExtResource("1_gcc7x")]

[node name="Skeleton3D" parent="spidertank-rig" parent_id_path=PackedInt32Array(1869516671) index="0" unique_id=1063747681]
bones/0/rest = Transform3D(0.34201977, 0.93969285, 1.4901161e-07, 1.490116e-07, -2.384186e-07, 1, 0.9396927, -0.34201983, -2.3841858e-07, -6.330677, 1.1449416, 2.3041778)
bones/1/rest = Transform3D(-0.99999994, -1.2076359e-07, 1.2250229e-07, -5.805032e-08, 0.9072783, 0.4205302, -1.6192844e-07, 0.4205301, -0.90727854, 0, 1.0435861, 1.1920929e-07)
bones/2/rest = Transform3D(1.0000001, 1.1358691e-07, 1.4605243e-07, -4.175903e-08, 0.9075665, -0.4199085, -1.8024839e-07, 0.41990843, 0.9075666, 2.7778327e-08, 1.6295886, -1.15484e-07)
bones/3/rest = Transform3D(1, -2.8410389e-08, -9.151461e-08, -4.6872595e-09, 0.9393904, -0.3428491, 9.5708444e-08, 0.3428491, 0.93939036, -9.173292e-08, 2.483087, 6.5600034e-08)
bones/4/rest = Transform3D(1, 1.1500207e-07, 2.972484e-07, 2.4949856e-07, 0.29787487, -0.954605, -1.9832437e-07, 0.954605, 0.29787487, 9.3805255e-08, 1.5728952, 2.682209e-07)
bones/5/rest = Transform3D(1, 4.963161e-07, 9.19844e-07, -1.0387394e-06, 0.37421912, 0.92734045, 1.16030776e-07, -0.9273403, 0.37421915, 5.2029714e-07, 0.42768738, 1.899898e-07)
bones/6/rest = Transform3D(1, -1.3030641e-06, 9.877613e-08, 9.651012e-08, -0.0017389057, -0.99999845, 1.3032341e-06, 0.99999833, -0.0017389059, -7.9976246e-08, 0.51579344, -4.7683716e-07)
bones/7/rest = Transform3D(1, 7.1169904e-07, 9.4783115e-07, -1.0432118e-06, 0.9080923, 0.41877, -5.6268e-07, -0.41877002, 0.90809226, 7.6560056e-08, 0.46537504, 6.7055225e-08)
bones/8/rest = Transform3D(-1, -9.089706e-07, 5.0529064e-07, -5.052904e-07, -3.5762784e-07, -0.9999999, 9.0897083e-07, -0.9999999, 3.5762784e-07, 2.385757e-07, 0.22867468, 1.1922737e-07)
bones/9/rest = Transform3D(-0.8191521, 0.5735762, 0, 0, 0, 1, 0.57357615, 0.81915224, 0, -6.86848, 1.1449416, 5.3438807)
bones/10/rest = Transform3D(-0.0078703165, -3.7252903e-07, 0.99996895, 0.4205171, 0.9072786, 0.0033100392, -0.9072506, 0.42053008, -0.007140397, -5.9604645e-08, 1.043587, 0)
bones/11/rest = Transform3D(0.009671747, 0.41989538, 0.9075211, -0.0008338093, 0.9075665, -0.41990763, -0.99995285, 0.003304556, 0.009127856, -8.940697e-08, 1.6295888, 1.3317913e-07)
bones/12/rest = Transform3D(-0.9999939, 0.0006807962, 0.0034142458, 0.001810099, 0.9393903, 0.34284422, -0.0029739027, 0.34284827, -0.9393862, -5.355105e-09, 2.483086, -1.10361725e-07)
bones/13/rest = Transform3D(0.011089385, -0.005039215, 0.9999258, -0.9545285, 0.2978745, 0.012087076, -0.29791334, -0.95459175, -0.0015068053, -6.9849193e-09, 1.572896, -2.3841858e-07)
bones/14/rest = Transform3D(0.012644889, -0.92726636, -0.37418914, -4.3660406e-05, 0.37421855, -0.9273407, 0.9999201, 0.0117424745, 0.004691482, -1.3783574e-07, 0.42768732, -4.307367e-08)
bones/15/rest = Transform3D(-0.9999597, -4.860712e-05, 0.008975972, -0.008975875, -0.0017404555, -0.99995816, 6.422773e-05, -0.99999845, 0.0017399191, 3.1599302e-07, 0.51579314, 5.9604645e-08)
bones/16/rest = Transform3D(0.015132248, -0.003759414, -0.99987835, 0.418761, 0.9080918, 0.0029232649, 0.9079704, -0.41875434, 0.015315711, -4.2811735e-07, 0.4653754, 6.7055225e-07)
bones/17/rest = Transform3D(-0.006984114, -0.99997544, 5.9604645e-08, 1.7881392e-07, -1.1920927e-07, -1, 0.99997556, -0.0069840834, 1.1920929e-07, 7.1524596e-07, 0.22867464, -2.384172e-07)
bones/18/rest = Transform3D(-0.34202036, 0.93969256, -5.9604645e-08, 5.960464e-08, 0, 1, 0.93969256, 0.3420203, -1.1920929e-07, -6.2077827, 1.1449416, 3.7131572)
bones/19/rest = Transform3D(-0.99992895, -3.308523e-07, 0.011913559, 0.005009713, 0.9072783, 0.42050046, -0.0108090555, 0.42053026, -0.9072141, 4.4703484e-08, 1.0435866, 1.1920929e-07)
bones/20/rest = Transform3D(-0.9999475, 0.005002655, -0.008929749, 0.0007906139, 0.9075665, 0.4199076, 0.010204993, 0.41987857, -0.9075228, -8.381903e-08, 1.6295882, 1.2665987e-07)
bones/21/rest = Transform3D(-0.0073895454, -0.0006451755, 0.9999726, -0.3428437, 0.9393904, -0.0019274503, -0.9393635, -0.34284845, -0.0071629286, 1.3108365e-07, 2.4830873, 4.282066e-08)
bones/22/rest = Transform3D(0.29780743, 0.9545902, -0.008267658, -0.9545675, 0.2978739, 0.00848482, 0.010562245, 0.005365195, 0.9999297, -1.1920929e-07, 1.5728958, -3.5762787e-07)
bones/23/rest = Transform3D(0.013906956, -0.9273041, -0.3740506, 0.012439072, 0.37421823, -0.9272573, 0.99982595, 0.008242577, 0.016738951, -7.8231096e-08, 0.42768717, -5.227048e-08)
bones/24/rest = Transform3D(-0.99988604, 0.013413079, 0.006953883, -0.0069778305, -0.0017395015, -0.9999742, -0.013400639, -0.9999083, 0.0018327236, -5.327165e-07, 0.5157937, 2.0861626e-07)
bones/25/rest = Transform3D(-0.009371518, -0.0029226686, -0.99995196, 0.41871908, 0.9080918, -0.0065783868, 0.9080674, -0.41876048, -0.0072864303, -1.9941945e-07, 0.46537519, 2.3841858e-07)
bones/26/rest = Transform3D(0.015707074, -0.99987656, -5.9604645e-08, -2.980232e-07, 1.1920928e-07, -1, 0.99987656, 0.015707044, -2.3841858e-07, 4.17089e-07, 0.22867467, -1.4946178e-08)
bones/27/rest = Transform3D(0.34201998, -0.93969285, 1.192093e-07, 1.1920929e-07, 1.192093e-07, 1.0000001, -0.93969274, -0.34202003, 1.192093e-07, -8.913796, 1.1449416, 2.3041778)
bones/28/rest = Transform3D(0.14344762, 2.235174e-07, 0.9896579, 0.41618106, 0.9072785, -0.060324248, -0.89789534, 0.42053023, 0.13014685, 5.9604645e-08, 1.0435858, 0)
bones/29/rest = Transform3D(-0.14006458, 0.41556552, 0.89871424, -0.0015816388, 0.90756667, -0.41990528, -0.990141, -0.0602353, -0.12646067, -2.9802322e-08, 1.6295891, -4.4703484e-08)
bones/30/rest = Transform3D(0.058051698, 0.0012910216, 0.9983126, 0.34219846, 0.93939036, -0.021113588, -0.9378326, 0.34284678, 0.054091446, -1.9744039e-07, 2.4830873, -4.4470653e-08)
bones/31/rest = Transform3D(-0.07736384, -0.952793, 0.29359892, -0.050953057, 0.29787517, 0.9532439, -0.9957, 0.05878684, -0.07159244, -2.9802322e-07, 1.5728958, 2.9802322e-08)
bones/32/rest = Transform3D(-0.039224137, -0.04949867, -0.9980036, -0.9271679, 0.37421852, 0.017879723, 0.37258646, 0.9260184, -0.06057202, -1.9115396e-07, 0.42768753, 6.3329935e-08)
bones/33/rest = Transform3D(-0.019203069, -0.99981284, -0.0024533274, -0.036947343, -0.0017424827, 0.99931586, -0.9991329, 0.019280557, -0.03690696, -2.682209e-07, 0.5157938, -9.033829e-08)
bones/34/rest = Transform3D(0.998911, -0.015473478, -0.0440136, -0.0043841554, 0.90809095, -0.41875032, 0.046447862, 0.41848728, 0.90703434, -1.6763806e-07, 0.4653764, -7.8976154e-07)
bones/35/rest = Transform3D(0.9999451, 0.010470478, -5.122274e-09, -6.0535963e-09, 1.1920929e-07, -1, -0.010470477, 0.99994516, 1.1920929e-07, -2.9803555e-08, 0.2286747, -1.1921911e-07)
bones/36/rest = Transform3D(-0.81915164, -0.5735764, 1.4901161e-07, 2.9802314e-08, 2.3841855e-07, 1, -0.5735763, 0.8191519, -1.1920929e-07, -8.375993, 1.1449416, 5.343881)
bones/37/rest = Transform3D(-0.5485254, 1.4901158e-08, 0.83613384, 0.3516191, 0.90727854, 0.23067121, -0.75860643, 0.42052963, -0.4976655, 5.9604645e-08, 1.0435865, -1.1920929e-07)
bones/38/rest = Transform3D(0.5493036, 0.35109913, 0.7582841, -0.00043076274, 0.90756667, -0.41990763, -0.8356226, 0.23033015, 0.498681, -2.3841858e-07, 1.6295898, -1.4901161e-07)
bones/39/rest = Transform3D(-0.99999845, 0.00035153356, 0.0016930606, 0.00091069087, 0.93939006, 0.3428478, -0.0014699225, 0.34284863, -0.93938947, -4.7765207e-07, 2.4830868, -8.018105e-08)
bones/40/rest = Transform3D(0.9999945, -0.0025368622, -0.0021165085, 0.0027760982, 0.29787198, 0.9546018, -0.0017912445, -0.95460266, 0.29787737, -6.3097104e-08, 1.5728955, -1.1920929e-07)
bones/41/rest = Transform3D(0.9992534, 0.0026957337, -0.038539723, -0.036747623, 0.37421674, -0.926613, 0.011924309, 0.9273374, 0.37403643, 5.613765e-07, 0.42768753, -1.9073486e-06)
bones/42/rest = Transform3D(-0.022338388, -0.03962746, 0.9989649, -0.999747, -0.0017359256, -0.02242479, 0.0026228724, -0.9992129, -0.03957868, -2.3283064e-07, 0.5157927, 0)
bones/43/rest = Transform3D(-0.016085386, -0.41866273, -0.90799934, 0.0029228926, 0.90809304, -0.41875792, 0.9998664, -0.009389846, -0.0133833885, 8.940697e-08, 0.46537435, 1.0756776e-07)
bones/44/rest = Transform3D(0.99997556, -0.006978556, 3.8882714e-08, 3.8882714e-08, 0, -0.9999999, 0.006978557, 0.9999755, 0, -5.3643527e-07, 0.22867468, 4.7683437e-07)
bones/45/rest = Transform3D(-0.34202072, -0.9396923, 0, 0, 0, 1, -0.93969226, 0.34202072, 0, -9.036691, 1.1449416, 3.7131572)
bones/46/rest = Transform3D(0.13164721, 8.940697e-07, -0.9912965, -0.41686982, 0.9072787, -0.055360775, 0.89938223, 0.42052978, 0.119441085, -1.4901161e-08, 1.0435853, 0)
bones/47/rest = Transform3D(0.12995349, -0.41625333, 0.89991397, -0.00079058105, 0.90756667, 0.41990718, -0.99151975, -0.055279866, 0.117612354, -6.7055225e-08, 1.6295899, 4.4703484e-08)
bones/48/rest = Transform3D(0.99785703, 0.00064483465, 0.065428615, -0.02303655, 0.93939054, 0.34207407, -0.061242446, -0.34284824, 0.93739235, -1.3271347e-08, 2.483086, -6.564335e-08)
bones/49/rest = Transform3D(0.013618231, 0.06414318, -0.99784774, 0.95406353, 0.29787242, 0.032168414, 0.2992948, -0.95244825, -0.057140227, -7.4505806e-08, 1.572896, 7.4505806e-08)
bones/50/rest = Transform3D(0.37347883, 0.92681473, -0.039088517, -0.92724496, 0.37421626, 0.013375982, 0.027024616, 0.031248983, 0.99914634, -3.7625432e-07, 0.42768738, 4.773028e-09)
bones/51/rest = Transform3D(0.0013314486, -0.99989426, -0.014466818, -0.9996001, -0.0017393824, 0.02822193, -0.02824411, 0.014423455, -0.99949706, -8.940697e-08, 0.5157943, 1.7043203e-07)
bones/52/rest = Transform3D(0.9080076, -0.41860312, 0.017130028, 0.4187387, 0.90809226, -0.005116018, -0.013414066, 0.011818389, 0.9998401, 9.685755e-08, 0.46537548, -4.0372834e-07)
bones/53/rest = Transform3D(0.012217103, -0.9999252, 1.4901161e-07, -8.940695e-08, -2.3841854e-07, -1, 0.9999252, 0.012217132, -1.1920929e-07, 1.1920622e-07, 0.22867471, -3.4720038e-10)

[node name="Marker3D" type="Marker3D" parent="spidertank-rig/Skeleton3D" index="3" unique_id=807409112]
transform = Transform3D(1, 0, 0, 0, 1, 0, 0, 0, 1, -1.1148715, -0.3516186, -0.19450092)

[node name="TwoBoneIK3D" type="TwoBoneIK3D" parent="spidertank-rig/Skeleton3D" index="4" unique_id=1473591073]
transform = Transform3D(0.9997532, 0.022216214, 0, -0.022216214, 0.9997532, 0, 0, 0, 1, 0, 0, 0)
setting_count = 1
settings/0/target_node = NodePath("../Marker3D")
settings/0/pole_node = NodePath("../spidertank-legs")
settings/0/root_bone_name = "spidertank-Bleg.L"
settings/0/root_bone = 0
settings/0/middle_bone_name = "spidertank-Bleg.L.003"
settings/0/middle_bone = 3
settings/0/pole_direction = 0
settings/0/end_bone_name = "spidertank-Bleg.L.008"
settings/0/end_bone = 8
settings/0/use_virtual_end = false
settings/0/extend_end_bone = false
